1 100 38 17 21
2 163 86 17 69
3 190 113 17 96 
4 190 113 17 96 
5 190 113 17 96 
6 190 113 17 96
7 755 656 401 255
8 766 667 412 255
9 769 670 415 255
10 774 675 420 255
11 777 678 423 255
12 777 678 423 255
13 777 678 423 255
14 777 678 423 255
15 790 691 436 255
16 790 691 436 255
17 800 701 436 265
18 800 701 436 265
19 800 701 436 265
20 800 701 436 265
21 800 701 436 265
22 800 701 436 265
23 800 701 436 265
24 805 706 441 265
25 808 709 444 265
26 812 713 444 269
27 812 713 444 269
28 812 713 444 269
29 812 713 444 269
30 812 713 444 269
31 812 713 444 269
32 812 713 444 269
33 812 713 444 269
34 812 713 444 269
35 812 713 444 269
36 816 717 444 273
37 816 717 444 273
38 816 717 444 273
39 816 717 444 273
40 816 717 444 273
41 816 717 444 273
42 816 717 444 273
43 816 717 444 273
44 816 717 444 273
45 816 717 444 273
46 816 717 444 273
47 816 717 444 273
48 816 717 444 273
49 816 717 444 273
50 816 717 444 273
51 821 722 449 273
52 821 722 449 273
53 821 722 449 273
54 821 722 449 273
55 821 722 449 273
56 821 722 449 273
57 821 722 449 273
58 821 722 449 273
59 821 722 449 273
60 821 722 449 273
61 821 722 449 273
62 821 722 449 273
63 821 722 449 273
64 821 722 449 273
65 821 722 449 273
66 821 722 449 273
67 821 722 449 273
68 821 722 449 273
69 821 722 449 273
70 821 722 449 273
71 821 722 449 273
72 821 722 449 273
73 821 722 449 273
74 821 722 449 273
75 821 722 449 273
76 821 722 449 273
77 821 722 449 273
78 821 722 449 273
79 821 722 449 273
80 821 722 449 273
81 821 722 449 273
82 821 722 449 273
83 821 722 449 273
84 821 722 449 273
85 821 722 449 273
86 821 722 449 273
87 821 722 449 273
88 821 722 449 273
89 821 722 449 273
90 821 722 449 273
91 821 722 449 273
92 821 722 449 273
93 821 722 449 273
94 821 722 449 273
95 821 722 449 273
96 821 722 449 273
97 821 722 449 273
98 821 722 449 273
99 821 722 449 273
100 821 722 449 273
101 821 722 449 273
102 821 722 449 273
103 821 722 449 273
104 821 722 449 273
105 821 722 449 273
106 821 722 449 273
107 821 722 449 273
108 821 722 449 273
109 821 722 449 273
110 821 722 449 273
111 821 722 449 273
112 821 722 449 273
113 821 722 449 273
114 821 722 449 273
115 821 722 449 273
116 821 722 449 273
117 821 722 449 273
118 821 722 449 273
119 821 722 449 273
120 821 722 449 273
121 821 722 449 273
122 821 722 449 273
123 821 722 449 273
124 821 722 449 273
125 821 722 449 273
126 821 722 449 273
127 821 722 449 273
128 821 722 449 273
129 821 722 449 273
130 821 722 449 273
131 821 722 449 273
132 821 722 449 273
133 821 722 449 273
134 821 722 449 273
135 821 722 449 273
136 821 722 449 273
137 821 722 449 273
138 821 722 449 273
139 821 722 449 273
140 821 722 449 273
141 821 722 449 273
142 821 722 449 273
143 821 722 449 273
144 821 722 449 273
145 821 722 449 273
146 821 722 449 273
147 821 722 449 273
148 821 722 449 273
149 821 722 449 273
150 821 722 449 273
151 821 722 449 273
152 821 722 449 273
153 821 722 449 273
154 821 722 449 273
155 821 722 449 273
156 821 722 449 273
157 821 722 449 273
158 821 722 449 273
159 821 722 449 273
160 821 722 449 273
161 821 722 449 273
162 821 722 449 273
163 821 722 449 273
164 821 722 449 273
165 821 722 449 273
166 821 722 449 273
167 821 722 449 273
168 821 722 449 273
169 821 722 449 273
170 821 722 449 273
171 821 722 449 273
172 821 722 449 273
173 821 722 449 273
174 821 722 449 273
175 821 722 449 273
176 821 722 449 273
177 821 722 449 273
178 821 722 449 273
179 821 722 449 273
180 821 722 449 273
181 821 722 449 273
182 821 722 449 273
183 821 722 449 273
184 821 722 449 273
185 821 722 449 273
186 821 722 449 273
187 821 722 449 273
188 821 722 449 273
189 821 722 449 273
190 821 722 449 273
191 821 722 449 273
192 821 722 449 273
193 821 722 449 273
194 821 722 449 273
195 821 722 449 273
196 821 722 449 273
197 821 722 449 273
198 821 722 449 273
199 821 722 449 273
200 821 722 449 273
201 821 722 449 273
202 821 722 449 273
203 821 722 449 273
204 821 722 449 273
205 821 722 449 273
206 821 722 449 273
207 821 722 449 273
208 821 722 449 273
209 821 722 449 273
210 821 722 449 273
211 821 722 449 273
212 821 722 449 273
213 821 722 449 273
214 821 722 449 273
215 821 722 449 273
216 821 722 449 273
217 821 722 449 273
218 821 722 449 273
219 821 722 449 273
220 821 722 449 273
221 821 722 449 273
222 821 722 449 273
223 821 722 449 273
224 821 722 449 273
225 821 722 449 273
226 821 722 449 273
227 821 722 449 273
228 821 722 449 273
229 821 722 449 273
230 821 722 449 273
231 821 722 449 273
232 821 722 449 273
233 821 722 449 273
234 821 722 449 273
235 821 722 449 273
236 821 722 449 273
237 821 722 449 273
238 821 722 449 273
239 821 722 449 273
240 821 722 449 273
241 821 722 449 273
242 821 722 449 273
243 821 722 449 273
244 821 722 449 273
245 821 722 449 273
246 821 722 449 273
247 821 722 449 273
248 821 722 449 273
249 821 722 449 273
250 821 722 449 273
251 821 722 449 273
252 821 722 449 273
253 821 722 449 273
254 821 722 449 273
255 821 722 449 273
256 821 722 449 273
257 821 722 449 273
258 821 722 449 273
259 821 722 449 273
260 821 722 449 273
261 821 722 449 273
262 821 722 449 273
263 821 722 449 273
264 821 722 449 273
265 821 722 449 273
266 821 722 449 273
267 821 722 449 273
268 821 722 449 273
269 821 722 449 273
270 821 722 449 273
271 821 722 449 273
272 821 722 449 273
273 821 722 449 273
274 821 722 449 273
275 821 722 449 273
276 821 722 449 273
277 821 722 449 273
278 821 722 449 273
279 821 722 449 273
280 821 722 449 273
281 821 722 449 273
282 821 722 449 273
283 821 722 449 273
284 821 722 449 273
285 821 722 449 273
286 821 722 449 273
287 821 722 449 273
288 821 722 449 273
289 821 722 449 273
290 821 722 449 273
291 821 722 449 273
292 821 722 449 273
293 821 722 449 273
294 821 722 449 273
295 821 722 449 273
296 821 722 449 273
297 821 722 449 273
298 821 722 449 273
299 821 722 449 273
300 821 722 449 273
301 821 722 449 273
302 821 722 449 273
303 821 722 449 273
304 821 722 449 273
305 821 722 449 273
306 821 722 449 273
307 821 722 449 273
308 821 722 449 273
309 821 722 449 273
310 821 722 449 273
311 821 722 449 273
312 821 722 449 273
313 821 722 449 273
314 821 722 449 273
315 821 722 449 273
316 821 722 449 273
317 821 722 449 273
318 821 722 449 273
319 821 722 449 273
320 821 722 449 273
321 821 722 449 273
322 821 722 449 273
323 821 722 449 273
324 821 722 449 273
325 821 722 449 273
326 821 722 449 273
327 821 722 449 273
328 821 722 449 273
329 821 722 449 273
330 821 722 449 273
331 821 722 449 273
332 821 722 449 273
333 821 722 449 273
334 821 722 449 273
335 821 722 449 273
336 821 722 449 273
337 821 722 449 273
338 821 722 449 273
339 821 722 449 273
340 821 722 449 273
341 821 722 449 273
342 821 722 449 273
343 821 722 449 273
344 821 722 449 273
345 821 722 449 273
346 821 722 449 273
347 821 722 449 273
348 821 722 449 273
349 821 722 449 273
350 821 722 449 273
351 821 722 449 273
352 821 722 449 273
353 821 722 449 273
354 821 722 449 273
355 821 722 449 273
356 821 722 449 273
357 821 722 449 273
358 821 722 449 273
359 821 722 449 273
360 821 722 449 273
361 821 722 449 273
362 821 722 449 273
363 821 722 449 273
364 821 722 449 273
365 821 722 449 273
366 821 722 449 273
367 821 722 449 273
368 821 722 449 273
369 821 722 449 273
370 821 722 449 273
371 821 722 449 273
372 821 722 449 273
373 821 722 449 273
374 821 722 449 273
375 821 722 449 273
376 821 722 449 273
377 821 722 449 273
378 821 722 449 273
379 821 722 449 273
380 821 722 449 273
381 821 722 449 273
382 821 722 449 273
383 821 722 449 273
384 821 722 449 273
385 821 722 449 273
386 821 722 449 273
387 821 722 449 273
388 821 722 449 273
389 821 722 449 273
390 821 722 449 273
391 821 722 449 273
392 821 722 449 273
393 821 722 449 273
394 821 722 449 273
395 821 722 449 273
396 821 722 449 273
397 821 722 449 273
398 821 722 449 273
399 821 722 449 273
400 821 722 449 273