1 100 38 17 21
2 100 86 17 69 
3 764 665 410 255
4 764 665 410 255
5 764 665 410 255
6 764 665 410 255
7 764 665 410 255
8 795 696 427 269
9 795 696 427 269
10 795 696 427 269
11 795 696 427 269
12 795 696 427 269
13 795 696 427 269
14 795 696 427 269
15 803 704 431 273
16 826 727 454 273
17 826 727 454 273
18 826 727 454 273
19 826 727 454 273
20 826 727 454 273
21 826 727 454 273
22 826 727 454 273
23 826 727 454 273
24 826 727 454 273
25 826 727 454 273
26 826 727 454 273
27 826 727 454 273
28 826 727 454 273
29 830 731 454 277
30 830 731 454 277
31 830 731 454 277
32 830 731 454 277
33 830 731 454 277
34 830 731 454 277
35 830 731 454 277
36 834 735 454 281
37 834 735 454 281
38 834 735 454 281
39 834 735 454 281
40 834 735 454 281
41 834 735 454 281
42 834 735 454 281
43 834 735 454 281
44 834 735 454 281
45 834 735 454 281
46 834 735 454 281
47 834 735 454 281
48 834 735 454 281
49 834 735 454 281
50 834 735 454 281
51 836 737 456 281
52 836 737 456 281
53 836 737 456 281
54 836 737 456 281
55 836 737 456 281
56 836 737 456 281
57 836 737 456 281
58 836 737 456 281
59 836 737 456 281
60 836 737 456 281
61 836 737 456 281
62 836 737 456 281
63 836 737 456 281
64 836 737 456 281
65 836 737 456 281
66 836 737 456 281
67 836 737 456 281
68 836 737 456 281
69 836 737 456 281
70 836 737 456 281
71 836 737 456 281
72 836 737 456 281
73 836 737 456 281
74 836 737 456 281
75 836 737 456 281
76 836 737 456 281
77 836 737 456 281
78 836 737 456 281
79 836 737 456 281
80 840 741 460 281
81 840 741 460 281
82 840 741 460 281
83 840 741 460 281
84 840 741 460 281
85 840 741 460 281
86 840 741 460 281
87 840 741 460 281
88 840 741 460 281
89 840 741 460 281
90 840 741 460 281
91 840 741 460 281
92 840 741 460 281
93 840 741 460 281
94 840 741 460 281
95 840 741 460 281
96 840 741 460 281
97 840 741 460 281
98 840 741 460 281
99 840 741 460 281
100 840 741 460 281
101 840 741 460 281
102 840 741 460 281
103 840 741 460 281
104 840 741 460 281
105 840 741 460 281
106 840 741 460 281
107 840 741 460 281
108 840 741 460 281
109 840 741 460 281
110 840 741 460 281
111 840 741 460 281
112 840 741 460 281
113 840 741 460 281
114 840 741 460 281
115 840 741 460 281
116 840 741 460 281
117 840 741 460 281
118 840 741 460 281
119 840 741 460 281
120 840 741 460 281
121 840 741 460 281
122 840 741 460 281
123 840 741 460 281
124 840 741 460 281
125 840 741 460 281
126 840 741 460 281
127 840 741 460 281
128 840 741 460 281
129 840 741 460 281
130 840 741 460 281
131 840 741 460 281
132 840 741 460 281
133 840 741 460 281
134 840 741 460 281
135 840 741 460 281
136 840 741 460 281
137 840 741 460 281
138 840 741 460 281
139 840 741 460 281
140 840 741 460 281
141 840 741 460 281
142 840 741 460 281
143 840 741 460 281
144 840 741 460 281
145 840 741 460 281
146 840 741 460 281
147 840 741 460 281
148 840 741 460 281
149 840 741 460 281
150 840 741 460 281
151 840 741 460 281
152 840 741 460 281
153 840 741 460 281
154 840 741 460 281
155 840 741 460 281
156 840 741 460 281
157 840 741 460 281
158 840 741 460 281
159 840 741 460 281
160 840 741 460 281
161 840 741 460 281
162 840 741 460 281
163 840 741 460 281
164 840 741 460 281
165 840 741 460 281
166 840 741 460 281
167 840 741 460 281
168 840 741 460 281
169 840 741 460 281
170 840 741 460 281
171 840 741 460 281
172 840 741 460 281
173 840 741 460 281
174 840 741 460 281
175 840 741 460 281
176 840 741 460 281
177 840 741 460 281
178 840 741 460 281
179 840 741 460 281
180 840 741 460 281
181 840 741 460 281
182 840 741 460 281
183 840 741 460 281
184 840 741 460 281
185 840 741 460 281
186 840 741 460 281
187 840 741 460 281
188 840 741 460 281
189 840 741 460 281
190 840 741 460 281
191 840 741 460 281
192 840 741 460 281
193 840 741 460 281
194 840 741 460 281
195 840 741 460 281
196 840 741 460 281
197 840 741 460 281
198 840 741 460 281
199 840 741 460 281
200 840 741 460 281
201 840 741 460 281
202 840 741 460 281
203 840 741 460 281
204 840 741 460 281
205 840 741 460 281
206 840 741 460 281
207 840 741 460 281
208 840 741 460 281
209 840 741 460 281
210 840 741 460 281
211 840 741 460 281
212 840 741 460 281
213 840 741 460 281
214 840 741 460 281
215 840 741 460 281
216 840 741 460 281
217 840 741 460 281
218 840 741 460 281
219 840 741 460 281
220 840 741 460 281
221 840 741 460 281
222 840 741 460 281
223 840 741 460 281
224 840 741 460 281
225 840 741 460 281
226 840 741 460 281
227 840 741 460 281
228 840 741 460 281
229 840 741 460 281
230 840 741 460 281
231 840 741 460 281
232 840 741 460 281
233 840 741 460 281
234 840 741 460 281
235 840 741 460 281
236 840 741 460 281
237 840 741 460 281
238 840 741 460 281
239 840 741 460 281
240 840 741 460 281
241 840 741 460 281
242 840 741 460 281
243 840 741 460 281
244 840 741 460 281
245 840 741 460 281
246 840 741 460 281
247 840 741 460 281
248 840 741 460 281
249 840 741 460 281
250 840 741 460 281
251 840 741 460 281
252 840 741 460 281
253 840 741 460 281
254 840 741 460 281
255 840 741 460 281
256 840 741 460 281
257 840 741 460 281
258 840 741 460 281
259 840 741 460 281
260 840 741 460 281
261 840 741 460 281
262 840 741 460 281
263 840 741 460 281
264 840 741 460 281
265 840 741 460 281
266 840 741 460 281
267 840 741 460 281
268 840 741 460 281
269 840 741 460 281
270 840 741 460 281
271 840 741 460 281
272 840 741 460 281
273 844 745 464 281
274 844 745 464 281
275 844 745 464 281
276 844 745 464 281
277 844 745 464 281
278 844 745 464 281
279 844 745 464 281
280 844 745 464 281
281 844 745 464 281
282 844 745 464 281
283 844 745 464 281
284 844 745 464 281
285 844 745 464 281
286 844 745 464 281
287 844 745 464 281
288 844 745 464 281
289 844 745 464 281
290 844 745 464 281
291 844 745 464 281
292 844 745 464 281
293 844 745 464 281
294 844 745 464 281
295 844 745 464 281
296 844 745 464 281
297 844 745 464 281
298 844 745 464 281
299 844 745 464 281
300 844 745 464 281
301 844 745 464 281
302 844 745 464 281
303 844 745 464 281
304 844 745 464 281
305 844 745 464 281
306 844 745 464 281
307 844 745 464 281
308 844 745 464 281
309 844 745 464 281
310 844 745 464 281
311 844 745 464 281
312 844 745 464 281
313 844 745 464 281
314 844 745 464 281
315 844 745 464 281
316 844 745 464 281
317 844 745 464 281
318 844 745 464 281
319 844 745 464 281
320 844 745 464 281
321 844 745 464 281
322 844 745 464 281
323 844 745 464 281
324 844 745 464 281
325 844 745 464 281
326 844 745 464 281
327 844 745 464 281
328 844 745 464 281
329 844 745 464 281
330 844 745 464 281
331 844 745 464 281
332 844 745 464 281
333 844 745 464 281
334 844 745 464 281
335 844 745 464 281
336 844 745 464 281
337 844 745 464 281
338 844 745 464 281
339 844 745 464 281
340 844 745 464 281
341 844 745 464 281
342 844 745 464 281
343 844 745 464 281
344 844 745 464 281
345 844 745 464 281
346 844 745 464 281
347 844 745 464 281
348 844 745 464 281
349 844 745 464 281
350 844 745 464 281
351 844 745 464 281
352 844 745 464 281
353 844 745 464 281
354 844 745 464 281
355 844 745 464 281
356 844 745 464 281
357 844 745 464 281
358 844 745 464 281
359 844 745 464 281
360 844 745 464 281
361 844 745 464 281
362 844 745 464 281
363 844 745 464 281
364 844 745 464 281
365 844 745 464 281
366 844 745 464 281
367 844 745 464 281
368 844 745 464 281
369 844 745 464 281
370 844 745 464 281
371 844 745 464 281
372 844 745 464 281
373 844 745 464 281
374 844 745 464 281
375 844 745 464 281
376 844 745 464 281
377 844 745 464 281
378 844 745 464 281
379 844 745 464 281
380 844 745 464 281
381 844 745 464 281
382 844 745 464 281
383 844 745 464 281
384 844 745 464 281
385 844 745 464 281
386 844 745 464 281
387 844 745 464 281
388 844 745 464 281
389 844 745 464 281
390 844 745 464 281
391 844 745 464 281
392 844 745 464 281
393 844 745 464 281
394 844 745 464 281
395 844 745 464 281
396 844 745 464 281
397 844 745 464 281
398 844 745 464 281
399 844 745 464 281
400 844 745 464 281
