1 100 38 17 21
2 163 86 17 69
3 457 374 211 163
4 457 374 211 163
5 457 374 211 163
6 457 374 211 163
7 457 374 211 163
8 457 374 211 163
9 457 374 211 163
10 457 374 211 163
11 457 374 211 163
12 457 374 211 163
13 457 374 211 163
14 457 374 211 163
15 457 374 211 163
16 457 374 211 163
17 457 374 211 163
18 457 374 211 163
19 457 374 211 163
20 457 374 211 163
21 457 374 211 163
22 457 374 211 163
23 457 374 211 163
24 457 374 211 163
25 457 374 211 163
26 457 374 211 163
27 457 374 211 163
28 457 374 211 163
29 457 374 211 163
30 457 374 211 163
31 457 374 211 163
32 457 374 211 163
33 457 374 211 163
34 457 374 211 163
35 457 374 211 163
36 457 374 211 163
37 457 374 211 163
38 457 374 211 163
39 457 374 211 163
40 457 374 211 163
41 457 374 211 163
42 457 374 211 163
43 457 374 211 163
44 457 374 211 163
45 457 374 211 163
46 457 374 211 163
47 457 374 211 163
48 457 374 211 163
49 457 374 211 163
50 457 374 211 163
51 457 374 211 163
52 457 374 211 163
53 457 374 211 163
54 457 374 211 163
55 457 374 211 163
56 457 374 211 163
57 457 374 211 163
58 457 374 211 163
59 457 374 211 163
60 457 374 211 163
61 457 374 211 163
62 457 374 211 163
63 457 374 211 163
64 457 374 211 163
65 457 374 211 163
66 457 374 211 163
67 457 374 211 163
68 457 374 211 163
69 457 374 211 163
70 457 374 211 163
71 457 374 211 163
72 457 374 211 163
73 457 374 211 163
74 457 374 211 163
75 457 374 211 163
76 457 374 211 163
77 457 374 211 163
78 457 374 211 163
79 457 374 211 163
80 457 374 211 163
81 457 374 211 163
82 457 374 211 163
83 457 374 211 163
84 457 374 211 163
85 457 374 211 163
86 457 374 211 163
87 457 374 211 163
88 457 374 211 163
89 457 374 211 163
90 457 374 211 163
91 457 374 211 163
92 457 374 211 163
93 457 374 211 163
94 457 374 211 163
95 457 374 211 163
96 457 374 211 163
97 457 374 211 163
98 457 374 211 163
99 457 374 211 163
100 457 374 211 163
101 457 374 211 163
102 457 374 211 163
103 457 374 211 163
104 457 374 211 163
105 457 374 211 163
106 457 374 211 163
107 457 374 211 163
108 457 374 211 163
109 457 374 211 163
110 457 374 211 163
111 457 374 211 163
112 457 374 211 163
113 457 374 211 163
114 457 374 211 163
115 457 374 211 163
116 457 374 211 163
117 457 374 211 163
118 457 374 211 163
119 457 374 211 163
120 457 374 211 163
121 457 374 211 163
122 457 374 211 163
123 457 374 211 163
124 457 374 211 163
125 457 374 211 163
126 457 374 211 163
127 457 374 211 163
128 457 374 211 163
129 457 374 211 163
130 457 374 211 163
131 457 374 211 163
132 457 374 211 163
133 457 374 211 163
134 457 374 211 163
135 457 374 211 163
136 457 374 211 163
137 457 374 211 163
138 457 374 211 163
139 457 374 211 163
140 457 374 211 163
141 457 374 211 163
142 457 374 211 163
143 457 374 211 163
144 457 374 211 163
145 457 374 211 163
146 457 374 211 163
147 457 374 211 163
148 457 374 211 163
149 457 374 211 163
150 457 374 211 163
151 457 374 211 163
152 457 374 211 163
153 457 374 211 163
154 457 374 211 163
155 457 374 211 163
156 457 374 211 163
157 457 374 211 163
158 457 374 211 163
159 457 374 211 163
160 457 374 211 163
161 457 374 211 163
162 457 374 211 163
163 457 374 211 163
164 457 374 211 163
165 457 374 211 163
166 457 374 211 163
167 457 374 211 163
168 457 374 211 163
169 457 374 211 163
170 457 374 211 163
171 457 374 211 163
172 457 374 211 163
173 457 374 211 163
174 457 374 211 163
175 457 374 211 163
176 457 374 211 163
177 457 374 211 163
178 457 374 211 163
179 457 374 211 163
180 457 374 211 163
181 457 374 211 163
182 457 374 211 163
183 457 374 211 163
184 457 374 211 163
185 457 374 211 163
186 457 374 211 163
187 457 374 211 163
188 457 374 211 163
189 457 374 211 163
190 457 374 211 163
191 457 374 211 163
192 457 374 211 163
193 457 374 211 163
194 457 374 211 163
195 457 374 211 163
196 457 374 211 163
197 457 374 211 163
198 457 374 211 163
199 457 374 211 163
200 457 374 211 163
201 457 374 211 163
202 457 374 211 163
203 457 374 211 163
204 457 374 211 163
205 457 374 211 163
206 457 374 211 163
207 457 374 211 163
208 457 374 211 163
209 457 374 211 163
210 457 374 211 163
211 457 374 211 163
212 457 374 211 163
213 457 374 211 163
214 457 374 211 163
215 457 374 211 163
216 457 374 211 163
217 457 374 211 163
218 457 374 211 163
219 457 374 211 163
220 457 374 211 163
221 457 374 211 163
222 457 374 211 163
223 457 374 211 163
224 457 374 211 163
225 457 374 211 163
226 457 374 211 163
227 457 374 211 163
228 457 374 211 163
229 457 374 211 163
230 457 374 211 163
231 457 374 211 163
232 457 374 211 163
233 457 374 211 163
234 457 374 211 163
235 457 374 211 163
236 457 374 211 163
237 457 374 211 163
238 457 374 211 163
239 457 374 211 163
240 457 374 211 163
241 457 374 211 163
242 457 374 211 163
243 457 374 211 163
244 457 374 211 163
245 457 374 211 163
246 457 374 211 163
247 457 374 211 163
248 457 374 211 163
249 457 374 211 163
250 457 374 211 163
251 457 374 211 163
252 457 374 211 163
253 457 374 211 163
254 457 374 211 163
255 457 374 211 163
256 457 374 211 163
257 457 374 211 163
258 457 374 211 163
259 457 374 211 163
260 457 374 211 163
261 457 374 211 163
262 457 374 211 163
263 457 374 211 163
264 457 374 211 163
265 457 374 211 163
266 457 374 211 163
267 457 374 211 163
268 457 374 211 163
269 457 374 211 163
270 457 374 211 163
271 457 374 211 163
272 457 374 211 163
273 457 374 211 163
274 457 374 211 163
275 457 374 211 163
276 457 374 211 163
277 457 374 211 163
278 457 374 211 163
279 457 374 211 163
280 457 374 211 163
281 457 374 211 163
282 457 374 211 163
283 457 374 211 163
284 457 374 211 163
285 457 374 211 163
286 457 374 211 163
287 457 374 211 163
288 457 374 211 163
289 457 374 211 163
290 457 374 211 163
291 457 374 211 163
292 457 374 211 163
293 457 374 211 163
294 457 374 211 163
295 457 374 211 163
296 457 374 211 163
297 457 374 211 163
298 457 374 211 163
299 457 374 211 163
300 457 374 211 163
301 457 374 211 163
302 457 374 211 163
303 457 374 211 163
304 457 374 211 163
305 457 374 211 163
306 457 374 211 163
307 457 374 211 163
308 457 374 211 163
309 457 374 211 163
310 457 374 211 163
311 457 374 211 163
312 457 374 211 163
313 457 374 211 163
314 457 374 211 163
315 457 374 211 163
316 457 374 211 163
317 457 374 211 163
318 457 374 211 163
319 457 374 211 163
320 457 374 211 163
321 457 374 211 163
322 457 374 211 163
323 457 374 211 163
324 457 374 211 163
325 457 374 211 163
326 457 374 211 163
327 457 374 211 163
328 457 374 211 163
329 457 374 211 163
330 457 374 211 163
331 457 374 211 163
332 457 374 211 163
333 457 374 211 163
334 457 374 211 163
335 457 374 211 163
336 457 374 211 163
337 457 374 211 163
338 457 374 211 163
339 457 374 211 163
340 457 374 211 163
341 457 374 211 163
342 457 374 211 163
343 457 374 211 163
344 457 374 211 163
345 457 374 211 163
346 457 374 211 163
347 457 374 211 163
348 457 374 211 163
349 457 374 211 163
350 457 374 211 163
351 457 374 211 163
352 457 374 211 163
353 457 374 211 163
354 457 374 211 163
355 457 374 211 163
356 457 374 211 163
357 457 374 211 163
358 457 374 211 163
359 457 374 211 163
360 457 374 211 163
361 457 374 211 163
362 457 374 211 163
363 457 374 211 163
364 457 374 211 163
365 457 374 211 163
366 457 374 211 163
367 457 374 211 163
368 457 374 211 163
369 457 374 211 163
370 457 374 211 163
371 457 374 211 163
372 457 374 211 163
373 457 374 211 163
374 457 374 211 163
375 457 374 211 163
376 457 374 211 163
377 457 374 211 163
378 457 374 211 163
379 457 374 211 163
380 457 374 211 163
381 457 374 211 163
382 457 374 211 163
383 457 374 211 163
384 457 374 211 163
385 457 374 211 163
386 457 374 211 163
387 457 374 211 163
388 457 374 211 163
389 457 374 211 163
390 457 374 211 163
391 457 374 211 163
392 457 374 211 163
393 457 374 211 163
394 457 374 211 163
395 457 374 211 163
396 457 374 211 163
397 457 374 211 163
398 457 374 211 163
399 457 374 211 163
400 457 374 211 163
