1 100 38 17 21
2 163 86 17 69
3 715 619 395 224
4 715 619 395 224
5 715 619 395 224
6 715 619 395 224
7 715 619 395 224
8 715 619 395 224
9 736 637 409 228
10 745 646 418 228
11 745 646 418 228
12 745 646 418 228
13 745 646 418 228
14 745 646 418 228
15 753 654 426 228
16 753 654 426 228
17 757 658 430 228
18 757 658 430 228
19 757 658 430 228
20 757 658 430 228
21 757 658 430 228
22 771 672 430 242
23 771 672 430 242
24 771 672 430 242
25 771 672 430 242
26 771 672 430 242
27 771 672 430 242
28 771 672 430 242
29 771 672 430 242
30 771 672 430 242
31 771 672 430 242
32 771 672 430 242
33 771 672 430 242
34 771 672 430 242
35 771 672 430 242
36 771 672 430 242
37 771 672 430 242
38 771 672 430 242
39 771 672 430 242
40 771 672 430 242
41 771 672 430 242
42 771 672 430 242
43 771 672 430 242
44 773 674 430 244
45 773 674 430 244
46 773 674 430 244
47 773 674 430 244
48 773 674 430 244
49 773 674 430 244
50 773 674 430 244
51 773 674 430 244
52 773 674 430 244
53 773 674 430 244
54 773 674 430 244
55 773 674 430 244
56 773 674 430 244
57 773 674 430 244
58 773 674 430 244
59 773 674 430 244
60 773 674 430 244
61 773 674 430 244
62 773 674 430 244
63 773 674 430 244
64 773 674 430 244
65 773 674 430 244
66 773 674 430 244
67 773 674 430 244
68 773 674 430 244
69 773 674 430 244
70 773 674 430 244
71 773 674 430 244
72 773 674 430 244
73 773 674 430 244
74 773 674 430 244
75 773 674 430 244
76 773 674 430 244
77 773 674 430 244
78 773 674 430 244
79 773 674 430 244
80 773 674 430 244
81 773 674 430 244
82 773 674 430 244
83 773 674 430 244
84 773 674 430 244
85 773 674 430 244
86 773 674 430 244
87 796 697 434 263
88 796 697 434 263
89 796 697 434 263
90 796 697 434 263
91 796 697 434 263
92 796 697 434 263
93 796 697 434 263
94 796 697 434 263
95 796 697 434 263
96 796 697 434 263
97 796 697 434 263
98 796 697 434 263
99 796 697 434 263
100 796 697 434 263
101 796 697 434 263
102 796 697 434 263
103 796 697 434 263
104 796 697 434 263
105 796 697 434 263
106 796 697 434 263
107 796 697 434 263
108 796 697 434 263
109 796 697 434 263
110 796 697 434 263
111 796 697 434 263
112 796 697 434 263
113 796 697 434 263
114 796 697 434 263
115 796 697 434 263
116 796 697 434 263
117 796 697 434 263
118 796 697 434 263
119 796 697 434 263
120 796 697 434 263
121 796 697 434 263
122 796 697 434 263
123 796 697 434 263
124 796 697 434 263
125 796 697 434 263
126 796 697 434 263
127 796 697 434 263
128 796 697 434 263
129 796 697 434 263
130 796 697 434 263
131 796 697 434 263
132 796 697 434 263
133 796 697 434 263
134 796 697 434 263
135 796 697 434 263
136 796 697 434 263
137 796 697 434 263
138 796 697 434 263
139 796 697 434 263
140 796 697 434 263
141 796 697 434 263
142 796 697 434 263
143 796 697 434 263
144 796 697 434 263
145 796 697 434 263
146 796 697 434 263
147 796 697 434 263
148 796 697 434 263
149 796 697 434 263
150 796 697 434 263
151 796 697 434 263
152 796 697 434 263
153 796 697 434 263
154 796 697 434 263
155 796 697 434 263
156 796 697 434 263
157 796 697 434 263
158 796 697 434 263
159 796 697 434 263
160 796 697 434 263
161 796 697 434 263
162 796 697 434 263
163 796 697 434 263
164 796 697 434 263
165 796 697 434 263
166 796 697 434 263
167 796 697 434 263
168 796 697 434 263
169 796 697 434 263
170 796 697 434 263
171 796 697 434 263
172 796 697 434 263
173 796 697 434 263
174 796 697 434 263
175 796 697 434 263
176 796 697 434 263
177 796 697 434 263
178 796 697 434 263
179 796 697 434 263
180 796 697 434 263
181 796 697 434 263
182 796 697 434 263
183 796 697 434 263
184 796 697 434 263
185 796 697 434 263
186 796 697 434 263
187 796 697 434 263
188 796 697 434 263
189 796 697 434 263
190 796 697 434 263
191 796 697 434 263
192 796 697 434 263
193 796 697 434 263
194 796 697 434 263
195 796 697 434 263
196 796 697 434 263
197 796 697 434 263
198 796 697 434 263
199 796 697 434 263
200 796 697 434 263
201 796 697 434 263
202 796 697 434 263
203 796 697 434 263
204 796 697 434 263
205 796 697 434 263
206 796 697 434 263
207 796 697 434 263
208 796 697 434 263
209 796 697 434 263
210 796 697 434 263
211 796 697 434 263
212 796 697 434 263
213 796 697 434 263
214 796 697 434 263
215 796 697 434 263
216 796 697 434 263
217 796 697 434 263
218 796 697 434 263
219 796 697 434 263
220 796 697 434 263
221 796 697 434 263
222 796 697 434 263
223 796 697 434 263
224 796 697 434 263
225 796 697 434 263
226 796 697 434 263
227 796 697 434 263
228 796 697 434 263
229 796 697 434 263
230 796 697 434 263
231 796 697 434 263
232 796 697 434 263
233 796 697 434 263
234 796 697 434 263
235 796 697 434 263
236 796 697 434 263
237 796 697 434 263
238 796 697 434 263
239 796 697 434 263
240 796 697 434 263
241 796 697 434 263
242 796 697 434 263
243 796 697 434 263
244 796 697 434 263
245 796 697 434 263
246 796 697 434 263
247 796 697 434 263
248 796 697 434 263
249 796 697 434 263
250 796 697 434 263
251 796 697 434 263
252 796 697 434 263
253 796 697 434 263
254 796 697 434 263
255 796 697 434 263
256 796 697 434 263
257 796 697 434 263
258 796 697 434 263
259 796 697 434 263
260 796 697 434 263
261 796 697 434 263
262 796 697 434 263
263 796 697 434 263
264 796 697 434 263
265 796 697 434 263
266 796 697 434 263
267 796 697 434 263
268 796 697 434 263
269 796 697 434 263
270 796 697 434 263
271 796 697 434 263
272 796 697 434 263
273 796 697 434 263
274 796 697 434 263
275 796 697 434 263
276 796 697 434 263
277 796 697 434 263
278 796 697 434 263
279 796 697 434 263
280 796 697 434 263
281 796 697 434 263
282 796 697 434 263
283 796 697 434 263
284 796 697 434 263
285 796 697 434 263
286 796 697 434 263
287 796 697 434 263
288 796 697 434 263
289 796 697 434 263
290 796 697 434 263
291 796 697 434 263
292 796 697 434 263
293 796 697 434 263
294 796 697 434 263
295 796 697 434 263
296 796 697 434 263
297 796 697 434 263
298 796 697 434 263
299 796 697 434 263
300 796 697 434 263
301 796 697 434 263
302 796 697 434 263
303 796 697 434 263
304 796 697 434 263
305 796 697 434 263
306 796 697 434 263
307 796 697 434 263
308 796 697 434 263
309 796 697 434 263
310 796 697 434 263
311 796 697 434 263
312 796 697 434 263
313 796 697 434 263
314 796 697 434 263
315 796 697 434 263
316 796 697 434 263
317 796 697 434 263
318 796 697 434 263
319 796 697 434 263
320 796 697 434 263
321 796 697 434 263
322 796 697 434 263
323 796 697 434 263
324 796 697 434 263
325 796 697 434 263
326 796 697 434 263
327 796 697 434 263
328 796 697 434 263
329 796 697 434 263
330 796 697 434 263
331 796 697 434 263
332 796 697 434 263
333 796 697 434 263
334 796 697 434 263
335 796 697 434 263
336 796 697 434 263
337 796 697 434 263
338 796 697 434 263
339 796 697 434 263
340 796 697 434 263
341 796 697 434 263
342 796 697 434 263
343 796 697 434 263
344 796 697 434 263
345 796 697 434 263
346 796 697 434 263
347 796 697 434 263
348 796 697 434 263
349 796 697 434 263
350 796 697 434 263
351 796 697 434 263
352 796 697 434 263
353 796 697 434 263
354 796 697 434 263
355 796 697 434 263
356 796 697 434 263
357 796 697 434 263
358 796 697 434 263
359 796 697 434 263
360 796 697 434 263
361 796 697 434 263
362 796 697 434 263
363 796 697 434 263
364 796 697 434 263
365 796 697 434 263
366 796 697 434 263
367 796 697 434 263
368 796 697 434 263
369 796 697 434 263
370 796 697 434 263
371 796 697 434 263
372 796 697 434 263
373 796 697 434 263
374 796 697 434 263
375 796 697 434 263
376 796 697 434 263
377 796 697 434 263
378 796 697 434 263
379 796 697 434 263
380 796 697 434 263
381 796 697 434 263
382 796 697 434 263
383 796 697 434 263
384 796 697 434 263
385 796 697 434 263
386 796 697 434 263
387 796 697 434 263
388 796 697 434 263
389 796 697 434 263
390 796 697 434 263
391 796 697 434 263
392 796 697 434 263
393 796 697 434 263
394 796 697 434 263
395 796 697 434 263
396 796 697 434 263
397 796 697 434 263
398 796 697 434 263
399 796 697 434 263
400 796 697 434 263