1 100 38 17 21
2 100 38 17 21
3 100 38 17 21
4 100 38 17 21
5 100 38 17 21
6 100 38 17 21
7 168 86 33 53
8 168 86 33 53
9 168 86 33 53
10 168 86 33 53
11 168 86 33 53
12 168 86 33 53
13 168 86 33 53
14 168 86 33 53
15 168 86 33 53
16 168 86 33 53
17 168 86 33 53
18 168 86 33 53
19 168 86 33 53
20 168 86 33 53
21 168 86 33 53
22 168 86 33 53
23 168 86 33 53
24 168 86 33 53
25 168 86 33 53
26 168 86 33 53
27 168 86 33 53
28 168 86 33 53
29 168 86 33 53
30 168 86 33 53
31 168 86 33 53
32 168 86 33 53
33 168 86 33 53
34 168 86 33 53
35 168 86 33 53
36 168 86 33 53
37 168 86 33 53
38 168 86 33 53
39 168 86 33 53
40 168 86 33 53
41 168 86 33 53
42 168 86 33 53
43 168 86 33 53
44 168 86 33 53
45 168 86 33 53
46 168 86 33 53
47 168 86 33 53
48 168 86 33 53
49 168 86 33 53
50 168 86 33 53
51 168 86 33 53
52 168 86 33 53
53 168 86 33 53
54 168 86 33 53
55 168 86 33 53
56 168 86 33 53
57 168 86 33 53
58 168 86 33 53
59 168 86 33 53
60 168 86 33 53
61 168 86 33 53
62 168 86 33 53
63 168 86 33 53
64 168 86 33 53
65 168 86 33 53
66 168 86 33 53
67 168 86 33 53
68 168 86 33 53
69 168 86 33 53
70 168 86 33 53
71 168 86 33 53
72 168 86 33 53
73 168 86 33 53
74 168 86 33 53
75 168 86 33 53
76 168 86 33 53
77 168 86 33 53
78 168 86 33 53
79 168 86 33 53
80 168 86 33 53
81 168 86 33 53
82 168 86 33 53
83 168 86 33 53
84 168 86 33 53
85 168 86 33 53
86 168 86 33 53
87 168 86 33 53
88 168 86 33 53
89 168 86 33 53
90 168 86 33 53
91 168 86 33 53
92 168 86 33 53
93 168 86 33 53
94 168 86 33 53
95 168 86 33 53
96 168 86 33 53
97 168 86 33 53
98 168 86 33 53
99 168 86 33 53
100 168 86 33 53
101 168 86 33 53
102 168 86 33 53
103 168 86 33 53
104 168 86 33 53
105 168 86 33 53
106 168 86 33 53
107 168 86 33 53
108 168 86 33 53
109 168 86 33 53
110 168 86 33 53
111 168 86 33 53
112 168 86 33 53
113 168 86 33 53
114 168 86 33 53
115 168 86 33 53
116 168 86 33 53
117 168 86 33 53
118 168 86 33 53
119 168 86 33 53
120 168 86 33 53
121 168 86 33 53
122 168 86 33 53
123 168 86 33 53
124 168 86 33 53
125 168 86 33 53
126 168 86 33 53
127 168 86 33 53
128 168 86 33 53
129 168 86 33 53
130 168 86 33 53
131 168 86 33 53
132 168 86 33 53
133 168 86 33 53
134 168 86 33 53
135 168 86 33 53
136 168 86 33 53
137 168 86 33 53
138 168 86 33 53
139 168 86 33 53
140 168 86 33 53
141 168 86 33 53
142 168 86 33 53
143 168 86 33 53
144 168 86 33 53
145 168 86 33 53
146 168 86 33 53
147 168 86 33 53
148 168 86 33 53
149 168 86 33 53
150 168 86 33 53
151 168 86 33 53
152 168 86 33 53
153 168 86 33 53
154 168 86 33 53
155 168 86 33 53
156 168 86 33 53
157 168 86 33 53
158 168 86 33 53
159 168 86 33 53
160 168 86 33 53
161 168 86 33 53
162 168 86 33 53
163 168 86 33 53
164 168 86 33 53
165 168 86 33 53
166 168 86 33 53
167 168 86 33 53
168 168 86 33 53
169 168 86 33 53
170 168 86 33 53
171 168 86 33 53
172 168 86 33 53
173 168 86 33 53
174 168 86 33 53
175 168 86 33 53
176 168 86 33 53
177 168 86 33 53
178 168 86 33 53
179 168 86 33 53
180 168 86 33 53
181 168 86 33 53
182 168 86 33 53
183 168 86 33 53
184 168 86 33 53
185 168 86 33 53
186 168 86 33 53
187 168 86 33 53
188 168 86 33 53
189 168 86 33 53
190 168 86 33 53
191 168 86 33 53
192 168 86 33 53
193 168 86 33 53
194 168 86 33 53
195 168 86 33 53
196 168 86 33 53
197 168 86 33 53
198 168 86 33 53
199 168 86 33 53
200 168 86 33 53
201 168 86 33 53
202 168 86 33 53
203 168 86 33 53
204 168 86 33 53
205 168 86 33 53
206 168 86 33 53
207 168 86 33 53
208 168 86 33 53
209 168 86 33 53
210 168 86 33 53
211 168 86 33 53
212 168 86 33 53
213 168 86 33 53
214 168 86 33 53
215 168 86 33 53
216 168 86 33 53
217 168 86 33 53
218 168 86 33 53
219 168 86 33 53
220 168 86 33 53
221 168 86 33 53
222 168 86 33 53
223 168 86 33 53
224 168 86 33 53
225 168 86 33 53
226 168 86 33 53
227 168 86 33 53
228 168 86 33 53
229 168 86 33 53
230 168 86 33 53
231 168 86 33 53
232 168 86 33 53
233 168 86 33 53
234 168 86 33 53
235 168 86 33 53
236 168 86 33 53
237 168 86 33 53
238 168 86 33 53
239 168 86 33 53
240 168 86 33 53
241 168 86 33 53
242 168 86 33 53
243 168 86 33 53
244 168 86 33 53
245 168 86 33 53
246 168 86 33 53
247 168 86 33 53
248 168 86 33 53
249 168 86 33 53
250 168 86 33 53
251 168 86 33 53
252 168 86 33 53
253 168 86 33 53
254 168 86 33 53
255 168 86 33 53
256 168 86 33 53
257 168 86 33 53
258 168 86 33 53
259 168 86 33 53
260 168 86 33 53
261 168 86 33 53
262 168 86 33 53
263 168 86 33 53
264 168 86 33 53
265 168 86 33 53
266 168 86 33 53
267 168 86 33 53
268 168 86 33 53
269 168 86 33 53
270 168 86 33 53
271 168 86 33 53
272 168 86 33 53
273 168 86 33 53
274 168 86 33 53
275 168 86 33 53
276 168 86 33 53
277 168 86 33 53
278 168 86 33 53
279 168 86 33 53
280 168 86 33 53
281 168 86 33 53
282 168 86 33 53
283 168 86 33 53
284 168 86 33 53
285 168 86 33 53
286 168 86 33 53
287 168 86 33 53
288 168 86 33 53
289 168 86 33 53
290 168 86 33 53
291 168 86 33 53
292 168 86 33 53
293 168 86 33 53
294 168 86 33 53
295 168 86 33 53
296 168 86 33 53
297 168 86 33 53
298 168 86 33 53
299 168 86 33 53
300 168 86 33 53
301 168 86 33 53
302 168 86 33 53
303 168 86 33 53
304 168 86 33 53
305 168 86 33 53
306 168 86 33 53
307 168 86 33 53
308 168 86 33 53
309 168 86 33 53
310 168 86 33 53
311 168 86 33 53
312 168 86 33 53
313 168 86 33 53
314 168 86 33 53
315 168 86 33 53
316 168 86 33 53
317 168 86 33 53
318 168 86 33 53
319 168 86 33 53
320 168 86 33 53
321 168 86 33 53
322 168 86 33 53
323 168 86 33 53
324 168 86 33 53
325 168 86 33 53
326 168 86 33 53
327 168 86 33 53
328 168 86 33 53
329 168 86 33 53
330 168 86 33 53
331 168 86 33 53
332 168 86 33 53
333 168 86 33 53
334 168 86 33 53
335 168 86 33 53
336 168 86 33 53
337 168 86 33 53
338 168 86 33 53
339 168 86 33 53
340 168 86 33 53
341 168 86 33 53
342 168 86 33 53
343 168 86 33 53
344 168 86 33 53
345 168 86 33 53
346 168 86 33 53
347 168 86 33 53
348 168 86 33 53
349 168 86 33 53
350 168 86 33 53
351 168 86 33 53
352 168 86 33 53
353 168 86 33 53
354 168 86 33 53
355 168 86 33 53
356 168 86 33 53
357 168 86 33 53
358 168 86 33 53
359 168 86 33 53
360 168 86 33 53
361 168 86 33 53
362 168 86 33 53
363 168 86 33 53
364 168 86 33 53
365 168 86 33 53
366 168 86 33 53
367 168 86 33 53
368 168 86 33 53
369 168 86 33 53
370 168 86 33 53
371 168 86 33 53
372 168 86 33 53
373 168 86 33 53
374 168 86 33 53
375 168 86 33 53
376 168 86 33 53
377 168 86 33 53
378 168 86 33 53
379 168 86 33 53
380 168 86 33 53
381 168 86 33 53
382 168 86 33 53
383 168 86 33 53
384 168 86 33 53
385 168 86 33 53
386 168 86 33 53
387 168 86 33 53
388 168 86 33 53
389 168 86 33 53
390 168 86 33 53
391 168 86 33 53
392 168 86 33 53
393 168 86 33 53
394 168 86 33 53
395 168 86 33 53
396 168 86 33 53
397 168 86 33 53
398 168 86 33 53
399 168 86 33 53
400 168 86 33 53
